[((1, 7, 1), 789.9020750952013),
 ((2, 7, 1), 789.9020750952013),
 ((3, 7, 1), 789.9020750952013),
 ((4, 7, 1), 789.9020750952013),
 ((5, 7, 1), 789.9020750952013),
 ((6, 7, 1), 789.9020750952013),
 ((7, 7, 1), 789.9020750952013),
 ((8, 7, 1), 789.9020750952013),
 ((9, 7, 1), 789.9020750952013),
 ((10, 7, 1), 789.9020750952013),
 ((11, 7, 1), 789.9020750952013),
 ((12, 7, 1), 789.9020750952013),
 ((13, 7, 1), 789.9020750952013),
 ((14, 7, 1), 789.9020750952013),
 ((15, 7, 1), 789.9020750952013),
 ((16, 7, 1), 789.9020750952013),
 ((17, 7, 1), 789.9020750952013),
 ((18, 7, 1), 789.9020750952013),
 ((19, 7, 1), 789.9020750952013)]